0.997701637176801
0.997701637176801
0.997701637176801
0.997701637176801
0.842459104869045
0.447063617236216
0.406612530348279
0.334305298616771
0.354530754333351
0.331129421805261
0.226298370423889
0.211998260359118
0.259280610841692
0.213003385418923
0.163570296905452
0.221939870255954
0.250675954063883
0.305327984179911
0.256263178400202
0.219825090036267
0.215781012507595
0.350262491390527
0.217289477832281
0.216966220846524
0.19553580738387
0.301382558348346
0.158326611602624
0.162406990101543
0.224315310470485
0.109190504305531
0.123370718175532
0.051836143804443
0.108340455403036
0.0656418468165751
0.0880942212195025
0.109166587630115
0.124043057681258
0.0709001612980864
0.0625371273644192
0.0763491202817332
0.0759172657418179
0.264153680976059
0.266762412881035
0.143056991798564
0.108598167932921
0.238314512578346
0.220720674959566
0.257839126658887
0.168781392282197
0.283244844464359
0.260420247578956
0.229782041540853
0.0768500541054422
0.128510863899193
0.241070045014001
0.122758272581472
0.0396110817302313
0.132342027722987
0.181009479249583
0.0377328328946609
0.0272186299587108
0.107157938778241
0.0533198641743635
0.0308616974774972
0.0968300929127438
0.116736039624316
0.0386986148497751
0.0416726365044736
0.0251778331830036
0.0456478612172008
0.0663108301154269
0.0229950631117901
0.0269667517259884
0.0539639515414141
0.282271729241389
0.0275120974460495
0.148002537537482
0.0606708657135383
0.0506358287527221
0.0924745966279467
0.215688125784896
0.0398034470354962
0.024986002362586
0.133228309125074
0.145659351369571
0.0268186521462115
0.0633447265650342
0.140344384080493
0.155738153999398
0.0908158478799805
0.125727868614486
0.120303882011616
0.169866011466134
0.195948402865016
0.178062033286603
0.28073423183155
0.251142671793458
0.242096544319425
0.198565774273886
0.426069599194539
0.236568286375956
0.123332121496022
0.159295571055816
0.315497867148452
0.0710903228050574
0.0578683558767836
0.233088893428975
0.0433418517434009
0.0577499741489772
0.0845400294694958
0.0639477923704558
0.150197334242335
0.155697114876315
0.0890312978304745
0.106649391640185
0.0455849047984469
0.0723800239207735
0.0540362541968429
0.0687292956508286
0.0738773673003176
0.104431647080206
0.126437618327926
0.17252815062468
0.194011423605039
0.193474591858131
0.125255018947096
0.247082348232683
0.230493323108844
0.193258250326404
0.214302908991596
0.219614443277521
0.201692889841131
0.124466761218079
0.0994091073935599
0.181305612731047
0.12973127250091
0.0493183306493352
0.123264303396202
0.101970957365886
0.0345077686892018
0.00392591297277889
0.0108476769964195
0.0204709440881178
0.0697436775040992
0.142415295144527
0.169190884043527
0.309011652149746
0.453716599581226
0.552252750701129
0.566948098470507
0.433471521058515
0.110868497258941
0.0382017302333529
0.0283988024900601
0.0172437020423791
0
0.184942984213203
0.0138347003351649
0.0485879657245193
0.0431970813401399
0.0189853106228954
0.0203312778967377
0.0282135074612322
0.0201951414563406
0.437843026554146
0.310996475140926
0.0437831365509049
0.0687323174560764
0.0358628186334466
0.049174396194837
0.0919008869550336
0.0687213086658025
0.0641518038067982
0.11882634392492
0.17168775761379
0.0701916198839934
0.0883490944936099
0.160801938526979
0.236158677902357
0.171967403928164
0.135833027955593
0.210342968888533
0.229082484640894
0.140151210926166
0.180968398265243
0.200927611754819
0.180112718628582
0.152403724205613
0.136007088457395
0.0952275806507631
0.224554461453491
0.123829959945552
0.0781402795134087
0.0613751952820438
0.189738595435408
0.0905271648308151
0.113484769611821
0.0426525264657228
0.0459995232169459
0.0885451392129819
0.0670589465095224
0.0613717347243249
0.10727155695478
0.32723384429027
0.530453221042045
0.629520991038025
0.640592928551746
0.662169827689384
0.693255138677081
0.714623069707965
0.730514005241298
0.740067245033246
0.747280835605876
0.752106105838986
0.767405911356336
0.76955968540695
0.780793844937046
0.785411603793162
0.789306916340867
0.800508331544314
0.804161798830989
0.80617831677217
0.808371822597939
0.808218468620113
0.815181483612307
0.816293944401494
0.821628300441056
0.826971619082288
0.821611680857413
0.832484486119417
0.831974755040059
0.841664482180525
0.849281779158293
0.850306030026421
0.854500461503412
0.857813741008703
0.858011109638778
0.857865838866152
0.860837471582345
0.862681530936568
0.874498510688184
0.876566612789538
0.880290708726511
0.881695272669611
0.886535114787243
0.890385866737896
0.897853844411687
0.903820126748019
0.906448211599151
0.905626066909467
0.908573128750083
0.918169707242384
0.915511093178846
0.915725137276098
0.919366549133461
0.925111689919561
0.926774140357085
0.929300553090396
0.93546054928216
0.939421431811972
0.941809180328904
0.941466618976542
0.942916541885015
0.943311317946354
0.94560331642016
0.952384023534192
0.953963249955076
0.952798543913029
0.954282203838593
0.954282203838593
0.955242000220381
0.958079303955659
0.960320784694455
0.958890575559598
0.959285382164819
0.95968018877004
0.961728371377562
0.963873571741117
0.964588808480851
0.965378421691293
0.96592224558254
0.965229404405267
0.96592224558254
0.964022589027144
0.962145328034207
0.964812202237586
0.961579354091535
0.960224012661287
0.959434399450845
0.959285382164819
0.957781269383606
0.958570882594048
0.958102418490095
0.954922799763009
0.954036414519399
0.951722755085835
0.950433844764455
0.946638718949797
0.943537424035814
0.941809180328904
0.943537424035814
0.940923073490623
0.937822491617472
0.931125568830474
0.928758499320417
0.924819821104597
0.921801058885005
0.91990710333288
0.918419985392933
0.914773725221263
0.912659796590732
0.907141052776424
0.907649875610157
0.902670864162089
0.901848719472405
0.897433052432353
0.88551259588922
0.884316755026955
0.883632495106193
0.879948147374149
0.877179182313705
0.872176300194692
0.864076783150059
0.862972226575447
0.861865597151756
0.861412804205903
0.857343781883071
0.857197517331655
0.852209266462888
0.850463038067193
0.841413022270891
0.830446579022149
0.82883016645857
0.825369796513114
0.824338428218595
0.8217026432984
0.816688386243751
0.817835190772303
0.811199934901737
0.808929501166743
0.806147981930841
0.806679021385625
0.800636887804275
0.792456805106371
0.785113557868937
0.779093146281817
0.774491963528748
0.771062122397995
0.757260868771008
0.751153145113775
0.742918470680698
0.732381475495849
0.673454173124659
0.659268743037999
0.635312119322957
0.623773206211374
0.583045940809116
0.438737402942684
0.236028989525218
0.0939687048584958
0.0817260663089351
0.0676139194747413
0.0572118957547002
0.106968589863702
0.0593541384096941
0.0660792706610007
0.0738661600493088
0.120658885765951
0.103728360035487
0.0884396990706541
0.117671464929334
0.0801304566096117
0.19933951218935
0.168007950495298
0.127128830712266
0.157949526777924
0.136300498607506
0.204181633680126
0.159968945433711
0.156554841837857
0.177227290139331
0.241701509162715
0.123040416997987
0.0913769331949813
0.198250869614218
0.295950566143478
0.0530016957407373
0.0887528743129169
0.212719765658041
0.0946959410207344
0.0306795430931844
0.159414928954403
0.100851937605383
0.0306071570448192
0.0789813078223027
0.121068689502379
0.0918628704647552
0.087819883074261
0.132225246069143
0.308719597631021
0.140141268191899
0.876496759193406
0.871734628480189
0.0585271461364187
0.0184844882580133
0.0456430791936933
0.119794532762796
0.0291036623054113
0.0372723376881242
0.190944114256027
0.0968608357317255
0.0192810159483675
0.115248307580981
0.210809443529785
0.0608854623871516
0.0477273572458132
0.208524748903087
0.0797011897693948
0.137474216578049
0.158932502797427
0.188622890620009
0.17004635440845
0.293138291039498
0.249625396960621
0.297669059066877
0.258155038302682
0.153748080420309
0.136639444075463
0.0987874004564399
0.128268283948006
0.144327715909183
0.106827388340469
0.245898132544958
0.3783033443202
0.138043771355188
0.0926433759676123
0.250006216365066
0.198122513626311
0.212267605629791
0.255297275773848
0.351000011697307
0.315407970813323
0.386049794768601
0.519959992640497
0.730118410079634
0.813449303191584
0.889188851241115
0.997701637176801
